ESPN_ID,Season,Date,Home,Away,Home_Record,Away_Record,Home_Score,Away_Score,Line,Over_Under,Final_Status,Network,HQ1,HQ2,HQ3,HQ4,HOT,AQ1,AQ2,AQ3,AQ4,AOT,Week,League
260917020,2006,"September 17, 2006",New York Jets,New England Patriots,"1-1, 0-1 Home","2-0, 1-0 Away",17,24,NULL,NULL,Final,CBS,0,0,14,3,NULL,7,10,7,0,NULL,2,NFL
261001020,2006,"October 1, 2006",New York Jets,Indianapolis Colts,"2-2, 0-2 Home","4-0, 2-0 Away",28,31,NULL,NULL,Final,CBS,0,14,0,14,NULL,7,7,0,17,NULL,4,NFL
261015020,2006,"October 15, 2006",New York Jets,Miami Dolphins,"3-3, 1-2 Home","1-5, 0-4 Away",20,17,NULL,NULL,Final,CBS,3,0,10,7,NULL,0,0,3,14,NULL,6,NFL
261029005,2006,"October 29, 2006",Cleveland Browns,New York Jets,"2-5, 1-3 Home","4-4, 2-2 Away",20,13,NULL,NULL,Final,CBS,3,7,10,0,NULL,3,0,7,3,NULL,8,NFL
261112017,2006,"November 12, 2006",New England Patriots,New York Jets,"6-3, 2-3 Home","5-4, 3-2 Away",14,17,NULL,NULL,Final,CBS,0,6,0,8,NULL,0,7,3,7,NULL,10,NFL
261126020,2006,"November 26, 2006",New York Jets,Houston Texans,"6-5, 3-3 Home","3-8, 1-5 Away",26,11,NULL,NULL,Final,CBS,3,6,14,3,NULL,0,3,0,8,NULL,12,NFL
261210020,2006,"December 10, 2006",New York Jets,Buffalo Bills,"7-6, 3-4 Home","6-7, 3-4 Away",13,31,NULL,NULL,Final,CBS,7,6,0,0,NULL,7,14,7,3,NULL,14,NFL
261225015,2006,"December 25, 2006",Miami Dolphins,New York Jets,"6-9, 4-4 Home","9-6, 6-2 Away",10,13,NULL,NULL,Final,ESPN,0,0,0,10,NULL,0,0,3,10,NULL,16,NFL
260819028,2006,"August 19, 2006",Washington Redskins,New York Jets,"0-2, 0-1 Home","1-1, 1-1 Away",14,27,NULL,NULL,Final,NULL,0,7,0,7,NULL,0,17,3,7,NULL,1,NFL
260910010,2006,"September 10, 2006",Tennessee Titans,New York Jets,"0-1, 0-1 Home","1-0, 1-0 Away",16,23,NULL,NULL,Final,CBS,0,0,0,16,NULL,0,13,3,7,NULL,1,NFL
260924002,2006,"September 24, 2006",Buffalo Bills,New York Jets,"1-2, 0-1 Home","2-1, 2-0 Away",20,28,NULL,NULL,Final,CBS,7,3,0,10,NULL,0,14,7,7,NULL,3,NFL
261008030,2006,"October 8, 2006",Jacksonville Jaguars,New York Jets,"3-2, 3-0 Home","2-3, 2-1 Away",41,0,NULL,NULL,Final,CBS,14,14,10,3,NULL,0,0,0,0,NULL,5,NFL
261022020,2006,"October 22, 2006",New York Jets,Detroit Lions,"4-3, 2-2 Home","1-6, 0-4 Away",31,24,NULL,NULL,Final,FOX,14,7,0,10,NULL,0,7,3,14,NULL,7,NFL
261119020,2006,"November 19, 2006",New York Jets,Chicago Bears,"5-5, 2-3 Home","9-1, 5-0 Away",0,10,NULL,NULL,Final,FOX,0,0,0,0,NULL,0,0,3,7,NULL,11,NFL
261203009,2006,"December 3, 2006",Green Bay Packers,New York Jets,"4-8, 1-5 Home","7-5, 4-2 Away",10,38,NULL,NULL,Final,CBS,0,0,10,0,NULL,10,21,0,7,NULL,13,NFL
261217016,2006,"December 17, 2006",Minnesota Vikings,New York Jets,"6-8, 3-4 Home","8-6, 5-2 Away",13,26,NULL,NULL,Final,CBS,7,0,0,6,NULL,7,16,3,0,NULL,15,NFL
260811027,2006,"August 11, 2006",Tampa Bay Buccaneers,New York Jets,"1-0, 1-0 Home","0-1, 0-1 Away",16,3,NULL,NULL,Final,NULL,0,3,7,6,NULL,0,3,0,0,NULL,HOF,NFL
260825020,2006,"August 25, 2006",New York Jets,New York Giants,"1-2, 0-1 Home","3-0, 2-0 Away",7,13,NULL,NULL,Final,NULL,0,0,0,7,NULL,0,7,3,3,NULL,2,NFL
260901020,2006,"September 1, 2006",New York Jets,Philadelphia Eagles,"2-2, 1-1 Home","2-3, 0-2 Away",20,17,NULL,NULL,Final,NULL,0,0,10,10,NULL,0,17,0,0,NULL,3,NFL
270107017,2006,"January 7, 2007",New England Patriots,New York Jets,"12-4, 5-3 Home","10-6, 6-2 Away",37,16,NULL,NULL,Final,CBS,7,10,6,14,NULL,3,7,3,3,NULL,WC,NFL
261231020,2006,"December 31, 2006",New York Jets,Oakland Raiders,"10-6, 4-4 Home","2-14, 0-8 Away",23,3,NULL,NULL,Final,CBS,7,3,3,10,NULL,0,3,0,0,NULL,17,NFL
